1|1|65||||1|				西门附近
1|65|66||||1|
1|65|67||||1|
1|66|68||||1|
1|67|69||||1|
1|69|70||||1|
1|68|71||||1|
1|70|71||||1|
1|71|79||||1|			建艺馆附近
1|72|79||||1|
2|72|46||||1|
2|73|286||||1|
2|46|286||||1|
1|6|71||||1|
1|6|74||||1|
1|74|75||||1|
1|75|76||||1|
1|76|77||||1|
1|77|78|香樟西路|782|1111|1|
1|78|73||||1|
3|77|79||||1|
1|77|43||||1|
1|75|80||||1|
1|80|7||||1|
1|7|81||||1|
1|81|82||||1|
1|82|83||||1|
1|83|84||||1|
1|84|66||||1|
1|7|85||||1|
1|85|86||||1|
1|86|87||||1|
1|87|88||||1|
1|88|89||||1|
2|44|88||||1|
2|44|86||||1|
3|44|87||||1|
2|89|90||||1|
2|90|91||||1|
2|91|92||||1|
2|92|93||||1|
2|93|85||||1|
1|89|94||||1|
1|94|97||||1|
1|97|95||||1|
1|95|96||||1|
1|96|42||||1|
1|42|98||||1|
1|98|99||||1|
1|99|43||||1|
3|99|100||||1|
3|100|101||||1|
3|101|102||||1|
3|102|103||||1|
3|103|87||||1|
1|96|61||||1|
1|42|57||||1|
1|4|104||||1|
1|104|105||||1|
1|105|106||||1|
1|106|107||||1|
1|107|108||||1|
1|108|60||||1|
1|61|105||||1|
1|57|107||||1|
1|98|108||||1|
1|60|41||||1|
1|41|73||||1|
1|71|109||||1|
1|109|110||||1|
1|110|111||||1|
1|111|112||||1|
1|112|113||||1|
1|113|114||||1|
1|114|115||||1|
1|115|116||||1|
1|116|117|广玉兰路|902|1525|1|
1|117|72||||1|
2|117|118||||1|
4|119|118||||1|
4|118|124||||1|
2|119|120||||1|
2|120|121||||1|
2|116|121||||1|
2|121|45||||1|
2|45|122||||1|
2|122|123||||1|
2|120|123||||1|
2|123|124||||1|
3|114|125||||1|
3|125|126||||1|
1|114|133||||1|
1|133|127||||1|
1|127|128||||1|
1|128|130||||1|
1|130|131||||1|
1|131|132||||1|
1|132|129||||1|
1|133|129||||1|
2|128|134||||1|
2|134|135||||1|
2|135|136||||1|
3|134|137||||1|
3|137|138||||1|
3|138|139||||1|
3|139|140||||1|
3|140|141||||1|			左半部分完成
1|129|142||||1|
1|142|143||||1|
1|143|144||||1|
1|131|145|香樟西路|1288|2120|1|
1|145|146||||1|
1|146|147||||1|
1|147|148||||1|
1|148|149||||1|
1|149|150||||1|
1|148|151||||1|
1|151|2||||1|
2|151|152||||1|
2|152|153||||1|
2|152|154||||1|
2|154|155||||1|
3|147|156||||1|
3|156|157||||1|
3|157|158||||1|
3|158|159||||1|
3|159|160||||1|
3|156|160||||1|
3|160|161||||1|
3|159|162||||1|
3|162|163||||1|
3|156|167||||1|
3|165|167||||1|
3|164|165||||1|
3|165|166||||1|			左半部分真正完成
1|150|176||||1|
1|176|168||||1|
1|168|169||||1|
1|169|171||||1|
1|171|170||||1|
1|170|150||||1|
1|168|177||||1|
1|177|172||||1|
1|171|173|香樟东路|1971|1884|1|
1|173|174||||1|
1|174|175||||1|
1|175|172||||1|			下面是教学楼附近
2|175|178||||1|
2|17|178||||1|
2|16|178||||1|
2|178|179||||1|
2|19|179||||1|
2|18|179||||1|
2|179|180||||1|
2|180|21||||1|
2|180|20||||1|
2|180|181||||1|
2|181|185||||1|
2|181|186||||1|
2|181|182||||1|
2|182|23||||1|
2|182|22||||1|
2|182|183||||1|
2|183|25||||1|
2|183|24||||1|
2|183|184||||1|
2|184|27||||1|
2|184|26||||1|
4|185|187||||1|
4|186|188||||1|
1|172|189|合欢路|1698|1790|1|
1|189|190||||1|
1|190|191|合欢路|1567|1202|1|
1|191|192||||1|
1|192|193||||1|
1|193|194||||1|
1|194|195|香樟东路|2180|1306|1|
1|195|196||||1|
1|196|198||||1|
1|198|197||||1|
1|197|174||||1|
1|197|48||||1|
2|192|184||||1|
2|190|187||||1|
2|196|188||||1|			下面是东门附近
2|48|199||||1|
2|199|200||||1|
2|48|201||||1|
2|201|202||||1|
2|202|203||||1|
2|203|204||||1|
2|200|204||||1|
2|204|205||||1|
1|196|206||||1|
2|206|5||||1|
1|5|207||||1|
1|207|195||||1|			下面是双子楼附近
1|191|208||||1|
1|208|209||||1|
1|209|210||||1|
1|210|211||||1|
1|211|212||||1|
1|212|213||||1|
1|213|214||||1|
1|214|215||||1|
1|215|216||||1|
1|216|217||||1|
1|217|236||||1|
1|236|218||||1|
1|218|219||||1|
1|219|193||||1|
1|212|62||||1|
1|62|33||||1|
1|212|64||||1|
1|215|8||||1|
1|8|10||||1|
1|210|52||||1|
1|52|237||||1|
1|237|53||||1|
1|53|235||||1|
1|235|236||||1|
1|235|234||||1|
1|234|233||||1|
1|233|232||||1|
1|232|231||||1|
1|231|230||||1|
1|230|229||||1|
1|229|55||||1|
2|55|228||||1|
2|228|237||||1|
2|228|54||||1|
1|54|227||||1|
1|227|226||||1|
1|226|225||||1|
1|225|224||||1|
1|224|223||||1|
1|223|222||||1|
1|222|221||||1|
1|221|220||||1|
1|220|208||||1|
2|228|192||||1|			下面是大北门附近
1|215|238||||1|
1|238|239||||1|
1|239|15||||1|
1|15|245||||1|
1|245|244||||1|
1|244|243||||1|
1|243|242||||1|
1|242|241||||1|
1|241|240||||1|
1|240|64||||1|
1|246|3||||1|
3|241|15||||1|
3|64|239||||1|
1|242|58||||1|
1|58|56||||1|
1|240|50||||1|
1|244|246||||1|
1|246|47||||1|			下面是双子楼前草坪
3|237|247||||1|
3|247|212||||1|
3|247|248||||1|
3|248|249||||1|
3|237|249||||1|
3|249|213||||1|
3|249|250||||1|
3|250|251||||1|
3|237|251||||1|
3|251|216||||1|			下面是7号宿舍楼到双子楼的路
1|73|252||||1|
1|252|253||||1|
1|253|262||||1|
1|262|254||||1|
1|254|255||||1|
1|255|256||||1|
1|256|257||||1|
1|257|263||||1|
1|263|51||||1|
1|51|258|香樟西路|1288|827|1|
1|258|259||||1|
1|259|209||||1|
1|258|260||||1|
3|260|259||||1|
1|260|261||||1|
1|261|211||||1|			下面是桥附近
1|72|272||||1|
4|272|271||||1|
2|271|264||||1|
2|264|270||||1|
2|270|265||||1|
2|265|266||||1|
2|266|267||||1|
2|267|268||||1|
2|268|269||||1|
4|269|190||||1|			下面建艺馆外围
1|265|277||||1|
1|277|276||||1|
1|276|278||||1|
1|278|253||||1|
2|264|273||||1|
2|273|274||||1|
2|274|275||||1|
2|275|276||||1|
2|275|285||||1|
2|285|283||||1|
2|283|284||||1|
2|284|279||||1|
2|279|278||||1|
2|279|280||||1|
2|280|252||||1|
2|280|281||||1|
2|281|282||||1|
2|282|283||||1|
3|281|286||||1|			下面7号楼附近
2|253|287||||1|
4|287|288||||1|
2|288|41||||1|
2|287|39||||1|
2|39|292||||1|
2|292|289||||1|
4|289|290||||1|
2|290|108||||1|
3|39|291||||1|
3|291|254||||1|
4|292|293||||1|
2|293|255||||1|
2|289|300||||1|
2|300|294||||1|
2|294|40||||1|
2|294|295||||1|
2|295|106||||1|
3|295|296||||1|
3|296|297||||1|
3|297|298||||1|
3|298|299||||1|
3|299|304||||1|
3|304|300||||1|
3|299|302||||1|
3|302|303||||1|
3|303|304||||1|
3|299|301||||1|
3|301|296||||1|
3|301|108||||1|
2|40|305||||1|
3|305|306||||1|
3|306|104||||1|			下面是五号楼附近
2|255|37||||1|
2|37|308||||1|
2|308|63||||1|
2|63|309||||1|
2|309|38||||1|
2|38|322||||1|
2|322|323||||1|
2|323|324||||1|
2|308|307||||1|
4|294|307||||1|
3|309|310||||1|
3|310|311||||1|
3|311|312||||1|
3|312|313||||1|
3|313|314||||1|
3|314|315||||1|
3|315|316||||1|
3|315|320||||1|
3|316|317||||1|
3|317|318||||1|
3|318|319||||1|
3|319|320||||1|
3|320|321||||1|
3|321|311||||1|
3|40|320||||1|			三号楼附近
2|308|325||||1|
2|263|325||||1|
2|325|35||||1|
2|35|326||||1|
2|309|326||||1|
2|326|327||||1|
2|327|328||||1|
2|328|329||||1|
2|329|330||||1|
2|330|38||||1|
3|327|331||||1|
3|331|332||||1|
3|331|333||||1|
3|333|330||||1|
3|333|334||||1|			一号楼附近
3|329|335||||1|
3|335|336||||1|
3|336|337||||1|
3|337|338||||1|
3|338|339||||1|
3|339|340||||1|
3|36|345||||1|
3|345|337||||1|
3|337|344||||1|
3|344|343||||1|
3|343|342||||1|
2|36|341||||1|
2|36|346||||1|
2|346|347||||1|
2|347|348||||1|
2|349|348||||1|
2|348|34||||1|
2|34|341||||1|
2|341|340||||1|
2|340|59||||1|
2|59|342||||1|
2|342|33||||1|
2|33|350||||1|
2|350|351||||1|
2|350|260||||1|
2|351|35||||1|
2|351|258||||1|			教育超市附近
2|56|352||||1|
2|352|353||||1|
2|353|50||||1|
4|352|341||||1|
4|353|340||||1|
3|349|354||||1|
3|354|355||||1|
3|355|356||||1|
3|356|357||||1|
3|357|47||||1|			体育馆附近
1|215|8||||1|
1|8|10||||1|
1|10|358||||1|
1|358|359||||1|
1|359|12||||1|
1|12|365||||1|
1|365|11||||1|
1|11|364||||1|
1|364|9||||1|
1|9|13||||1|
1|13|370|梧桐路|2660|608|1|
1|358|360||||1|
1|359|360||||1|
1|360|361||||1|
1|361|362||||1|
1|362|364||||1|
1|369|368||||1|
1|368|367||||1|
1|367|366||||1|
1|366|362||||1|
2|14|361||||1|
2|361|363||||1|
1|369|360||||1|			实验楼附近
1|365|371||||1|
1|217|371||||1|
1|371|372||||1|
1|372|373||||1|
1|372|31||||1|
1|31|32||||1|
1|32|374||||1|
1|374|30|枫树路|2396|1058|1|
1|30|379||||1|
1|219|379||||1|
1|379|29||||1|
1|29|49||||1|
1|49|380||||1|
1|194|380||||1|
1|380|28||||1|
1|28|381||||1|
1|381|207||||1|
2|374|375||||1|
2|375|376||||1|
2|376|377||||1|
2|377|378||||1|
2|378|379||||1|
2|378|384||||1|
2|384|383||||1|
2|383|382||||1|
2|382|381||||1|			图书馆外围
3|124|385||||1|
3|385|386||||1|
3|386|387||||1|
3|387|390||||1|
3|390|391||||1|
3|391|264||||1|
3|391|392||||1|
3|392|270||||1|
3|390|393||||1|
3|393|394||||1|
3|394|265||||1|
3|387|388||||1|
3|388|389||||1|
3|389|395||||1|
3|395|396||||1|
3|396|397||||1|
3|388|266||||1|
4|144|395||||1|
3|390|398||||1|
3|398|399||||1|
3|399|385||||1|
3|399|400||||1|
3|172|397||||1|